{
 "cells": [
  {
   "cell_type": "markdown",
   "metadata": {},
   "source": [
    "## Get some data"
   ]
  },
  {
   "cell_type": "code",
   "execution_count": 1,
   "metadata": {},
   "outputs": [],
   "source": [
    "import temp\n",
    "import model as trf"
   ]
  },
  {
   "cell_type": "code",
   "execution_count": 2,
   "metadata": {},
   "outputs": [],
   "source": [
    "vocab = 40000"
   ]
  },
  {
   "cell_type": "code",
   "execution_count": 62,
   "metadata": {},
   "outputs": [],
   "source": [
    "b = temp.get_some_batch()"
   ]
  },
  {
   "cell_type": "code",
   "execution_count": 63,
   "metadata": {},
   "outputs": [
    {
     "data": {
      "text/plain": [
       "tensor([    2,    14,    28,    15,    36,    12,    95,   455,     9,   143,\n",
       "          119,     8,  1293,    12, 18593,   134,   101,    10,   158,    80,\n",
       "          103,  3658,     9,  2432,    47, 18703,     7, 15800,     3])"
      ]
     },
     "execution_count": 63,
     "metadata": {},
     "output_type": "execute_result"
    }
   ],
   "source": [
    "b"
   ]
  },
  {
   "cell_type": "code",
   "execution_count": 98,
   "metadata": {},
   "outputs": [],
   "source": [
    "b = b.unsqueeze(-2) #batch로 만들기"
   ]
  },
  {
   "cell_type": "code",
   "execution_count": 83,
   "metadata": {},
   "outputs": [],
   "source": [
    "x = temp.emb_pe(b, vocab)"
   ]
  },
  {
   "cell_type": "code",
   "execution_count": 84,
   "metadata": {},
   "outputs": [
    {
     "data": {
      "text/plain": [
       "torch.Size([1, 29, 128])"
      ]
     },
     "execution_count": 84,
     "metadata": {},
     "output_type": "execute_result"
    }
   ],
   "source": [
    "x.shape"
   ]
  },
  {
   "cell_type": "code",
   "execution_count": 7,
   "metadata": {},
   "outputs": [],
   "source": [
    "softmax_ = trf.Generator(128, vocab)"
   ]
  },
  {
   "cell_type": "code",
   "execution_count": 8,
   "metadata": {},
   "outputs": [],
   "source": [
    "input_ = softmax_(x)"
   ]
  },
  {
   "cell_type": "code",
   "execution_count": 9,
   "metadata": {},
   "outputs": [
    {
     "data": {
      "text/plain": [
       "torch.Size([1, 23, 40000])"
      ]
     },
     "execution_count": 9,
     "metadata": {},
     "output_type": "execute_result"
    }
   ],
   "source": [
    "input_.shape"
   ]
  },
  {
   "cell_type": "markdown",
   "metadata": {},
   "source": [
    "## Train Part"
   ]
  },
  {
   "cell_type": "code",
   "execution_count": 2,
   "metadata": {},
   "outputs": [],
   "source": [
    "import torch\n",
    "import torch.nn as nn\n",
    "import math\n",
    "import numpy as np\n",
    "import copy\n",
    "import torch.nn.functional as F\n",
    "from torch.autograd import Variable\n",
    "import time\n",
    "\n",
    "from embedding import *"
   ]
  },
  {
   "cell_type": "code",
   "execution_count": 12,
   "metadata": {},
   "outputs": [],
   "source": [
    "max_src_in_batch = 40\n",
    "max_tgt_in_batch = 40"
   ]
  },
  {
   "cell_type": "code",
   "execution_count": 218,
   "metadata": {},
   "outputs": [],
   "source": [
    "class Batch:\n",
    "    def __init__(self, src, trg=None, pad=1):\n",
    "        self.src = src\n",
    "        self.src_mask = self.make_std_mask(self.src, pad)\n",
    "        if trg is not None:\n",
    "            self.trg = trg[:, :-1]  # input으로 사용할때\n",
    "            self.trg_y = trg[:, 1:] # 최종 정답으로 사용할때\n",
    "            self.trg_mask = self.make_sub_mask(self.trg, pad)\n",
    "            self.ntokens = (self.trg_y != pad).data.sum()\n",
    "    \n",
    "    @staticmethod\n",
    "    def make_sub_mask(tgt, pad=1):\n",
    "        tgt_mask = (tgt != pad).unsqueeze(-2)\n",
    "        tgt_mask = tgt_mask & Variable(\n",
    "            trf.subsequent_mask(tgt.size(-1)).type_as(tgt_mask.data))\n",
    "        return tgt_mask\n",
    "    \n",
    "    @staticmethod\n",
    "    def make_std_mask(src, pad=1):\n",
    "        src_mask = (src != pad).unsqueeze(-2)\n",
    "        src_mask = src_mask & Variable(\n",
    "            torch.ones(src.size(1), src.size(1)).type_as(src_mask.data)) \\\n",
    "        & src_mask.transpose(-2,-1)\n",
    "        return src_mask"
   ]
  },
  {
   "cell_type": "code",
   "execution_count": 208,
   "metadata": {},
   "outputs": [],
   "source": [
    "V = 11\n",
    "dummy = data_gen(11, 4, 1)"
   ]
  },
  {
   "cell_type": "code",
   "execution_count": 212,
   "metadata": {},
   "outputs": [],
   "source": [
    "for i, batch in enumerate(dummy):\n",
    "    batch"
   ]
  },
  {
   "cell_type": "code",
   "execution_count": 213,
   "metadata": {},
   "outputs": [],
   "source": [
    "src = batch.src\n",
    "trg = batch.trg\n",
    "trg_y = batch.trg_y\n",
    "src_mask = batch.src_mask\n",
    "trg_mask = batch.trg_mask"
   ]
  },
  {
   "cell_type": "code",
   "execution_count": 214,
   "metadata": {},
   "outputs": [
    {
     "data": {
      "text/plain": [
       "tensor([[[1, 1, 1, 1, 1, 1, 1, 1, 1, 1]],\n",
       "\n",
       "        [[1, 1, 1, 1, 1, 1, 1, 1, 1, 1]],\n",
       "\n",
       "        [[1, 1, 1, 1, 1, 1, 1, 1, 1, 1]],\n",
       "\n",
       "        [[1, 1, 1, 1, 1, 1, 1, 1, 1, 1]]], dtype=torch.uint8)"
      ]
     },
     "execution_count": 214,
     "metadata": {},
     "output_type": "execute_result"
    }
   ],
   "source": [
    "src_mask"
   ]
  },
  {
   "cell_type": "code",
   "execution_count": 195,
   "metadata": {},
   "outputs": [
    {
     "data": {
      "text/plain": [
       "tensor([[[1, 0, 0, 0, 0, 0, 0, 0, 0],\n",
       "         [1, 1, 0, 0, 0, 0, 0, 0, 0],\n",
       "         [1, 1, 1, 0, 0, 0, 0, 0, 0],\n",
       "         [1, 1, 1, 1, 0, 0, 0, 0, 0],\n",
       "         [1, 1, 1, 1, 1, 0, 0, 0, 0],\n",
       "         [1, 1, 1, 1, 1, 1, 0, 0, 0],\n",
       "         [1, 1, 1, 1, 1, 1, 1, 0, 0],\n",
       "         [1, 1, 1, 1, 1, 1, 1, 1, 0],\n",
       "         [1, 1, 1, 1, 1, 1, 1, 1, 1]],\n",
       "\n",
       "        [[1, 0, 0, 0, 0, 0, 0, 0, 0],\n",
       "         [1, 1, 0, 0, 0, 0, 0, 0, 0],\n",
       "         [1, 1, 1, 0, 0, 0, 0, 0, 0],\n",
       "         [1, 1, 1, 1, 0, 0, 0, 0, 0],\n",
       "         [1, 1, 1, 1, 1, 0, 0, 0, 0],\n",
       "         [1, 1, 1, 1, 1, 1, 0, 0, 0],\n",
       "         [1, 1, 1, 1, 1, 1, 1, 0, 0],\n",
       "         [1, 1, 1, 1, 1, 1, 1, 1, 0],\n",
       "         [1, 1, 1, 1, 1, 1, 1, 1, 1]],\n",
       "\n",
       "        [[1, 0, 0, 0, 0, 0, 0, 0, 0],\n",
       "         [1, 1, 0, 0, 0, 0, 0, 0, 0],\n",
       "         [1, 1, 1, 0, 0, 0, 0, 0, 0],\n",
       "         [1, 1, 1, 1, 0, 0, 0, 0, 0],\n",
       "         [1, 1, 1, 1, 1, 0, 0, 0, 0],\n",
       "         [1, 1, 1, 1, 1, 1, 0, 0, 0],\n",
       "         [1, 1, 1, 1, 1, 1, 1, 0, 0],\n",
       "         [1, 1, 1, 1, 1, 1, 1, 1, 0],\n",
       "         [1, 1, 1, 1, 1, 1, 1, 1, 1]],\n",
       "\n",
       "        [[1, 0, 0, 0, 0, 0, 0, 0, 0],\n",
       "         [1, 1, 0, 0, 0, 0, 0, 0, 0],\n",
       "         [1, 1, 1, 0, 0, 0, 0, 0, 0],\n",
       "         [1, 1, 1, 1, 0, 0, 0, 0, 0],\n",
       "         [1, 1, 1, 1, 1, 0, 0, 0, 0],\n",
       "         [1, 1, 1, 1, 1, 1, 0, 0, 0],\n",
       "         [1, 1, 1, 1, 1, 1, 1, 0, 0],\n",
       "         [1, 1, 1, 1, 1, 1, 1, 1, 0],\n",
       "         [1, 1, 1, 1, 1, 1, 1, 1, 1]]], dtype=torch.uint8)"
      ]
     },
     "execution_count": 195,
     "metadata": {},
     "output_type": "execute_result"
    }
   ],
   "source": [
    "trg_mask"
   ]
  },
  {
   "cell_type": "code",
   "execution_count": 181,
   "metadata": {},
   "outputs": [],
   "source": [
    "pad = 1\n",
    "src_mask = (src != pad).unsqueeze(-2).type_as(src.data) "
   ]
  },
  {
   "cell_type": "code",
   "execution_count": 116,
   "metadata": {},
   "outputs": [
    {
     "data": {
      "text/plain": [
       "torch.Size([4, 1, 10])"
      ]
     },
     "execution_count": 116,
     "metadata": {},
     "output_type": "execute_result"
    }
   ],
   "source": [
    "src_mask.shape"
   ]
  },
  {
   "cell_type": "code",
   "execution_count": 104,
   "metadata": {
    "collapsed": true
   },
   "outputs": [
    {
     "data": {
      "text/plain": [
       "tensor([[[ 1.7524e+04, -1.1778e+03,  3.1454e+02, -1.7570e+03, -1.8875e+01,\n",
       "           4.2389e+02, -4.5163e+02, -2.3499e+02, -9.8924e+02, -9.5176e+02,\n",
       "          -1.3709e+03,  2.9138e+02,  2.4241e+02,  4.2537e+01,  1.5596e+03,\n",
       "           2.2042e+03,  8.2435e+02, -6.2846e+02,  4.9981e+01,  2.8363e+02,\n",
       "           3.0681e+02, -2.0295e+02, -2.6295e+03, -5.5517e+02, -2.0805e+03,\n",
       "           7.7382e+02, -2.5679e+03,  1.3081e+03,  1.0738e+03],\n",
       "         [-1.1778e+03,  1.4555e+04, -1.5120e+03, -8.1292e+02, -2.9660e+03,\n",
       "           8.9928e+02, -3.4906e+03,  4.4633e+02, -3.0438e+03, -8.6248e+02,\n",
       "          -3.3758e+02,  6.9399e+01,  1.2673e+03,  3.9680e+02,  1.2422e+03,\n",
       "          -2.0354e+03, -2.1544e+03,  7.8515e+01, -2.5882e+03, -2.0036e+03,\n",
       "          -1.0349e+03,  1.5113e+03, -3.1160e+03,  3.4759e+02,  1.4447e+02,\n",
       "          -6.9577e+02,  3.5558e+02,  1.7925e+03, -1.6343e+02],\n",
       "         [ 3.1454e+02, -1.5120e+03,  1.8824e+04,  7.5739e+02,  2.3973e+03,\n",
       "          -7.8023e+02,  3.2932e+03,  1.2247e+03,  1.6095e+03,  5.9119e+02,\n",
       "           1.0407e+03, -1.7256e+03, -5.8289e+02, -1.1061e+02, -1.4631e+03,\n",
       "           6.7578e+02,  3.2311e+03, -1.0626e+03,  5.2049e+02,  2.4140e+03,\n",
       "          -1.2994e+03, -1.3240e+03,  9.5663e+02, -3.4430e+02,  2.5358e+01,\n",
       "          -1.0452e+03, -1.8335e+03,  2.5613e+03,  2.1758e+03],\n",
       "         [-1.7570e+03, -8.1292e+02,  7.5739e+02,  1.4430e+04, -4.0651e-01,\n",
       "           1.2942e+03, -1.1259e+03, -7.8098e+02, -1.5200e+03,  2.2799e+03,\n",
       "          -7.3881e+02, -1.7504e+03, -2.3994e+03,  1.7865e+02,  1.3506e+03,\n",
       "           7.3847e+02,  2.6707e+03,  1.7914e+03, -9.3960e+02,  1.1193e+03,\n",
       "           1.5110e+03,  3.7875e+02, -1.7119e+03,  1.2204e+03, -1.0085e+03,\n",
       "          -6.6735e+01, -2.9244e+02,  3.1726e+02, -9.2062e+01],\n",
       "         [-1.8875e+01, -2.9660e+03,  2.3973e+03, -4.0651e-01,  2.1142e+04,\n",
       "          -4.5752e+02,  2.6403e+03,  2.8857e+02,  2.4689e+03,  2.4505e+03,\n",
       "          -1.1303e+03, -1.5513e+03, -5.8835e+02, -1.0205e+03, -9.3667e+02,\n",
       "           2.7292e+02, -1.1987e+03,  5.7632e+02, -1.3757e+03, -3.3269e+03,\n",
       "          -1.3301e+03,  2.8753e+03,  3.3404e+03, -1.6860e+03, -1.9370e+03,\n",
       "           2.2522e+03, -1.3631e+03,  2.6044e+03,  3.7681e+03],\n",
       "         [ 4.2389e+02,  8.9928e+02, -7.8023e+02,  1.2942e+03, -4.5752e+02,\n",
       "           1.6689e+04, -1.2057e+03,  1.9509e+03, -1.8631e+02, -2.3125e+03,\n",
       "           1.2733e+03, -2.0632e+03,  1.8473e+03,  1.5310e+04,  2.3449e+03,\n",
       "          -2.3566e+03,  2.3006e+03,  6.4362e+02, -1.4071e+03,  3.5399e+02,\n",
       "           4.3717e+03,  1.7081e+03, -1.0783e+03, -8.3835e+02, -2.0323e+03,\n",
       "          -4.7488e+02, -2.2258e+02,  8.3697e+01, -3.5643e+02],\n",
       "         [-4.5163e+02, -3.4906e+03,  3.2932e+03, -1.1259e+03,  2.6403e+03,\n",
       "          -1.2057e+03,  2.3662e+04,  6.7711e+02, -1.5293e+03,  2.5065e+03,\n",
       "          -1.4964e+03, -1.6344e+02, -2.1604e+03, -1.3301e+03, -2.6578e+03,\n",
       "          -3.2781e+01,  4.3642e+03, -2.0877e+03,  9.4889e+02, -2.0322e+03,\n",
       "          -1.3231e+03, -2.1668e+03, -6.2538e+02, -6.5034e+02, -2.0825e+03,\n",
       "          -1.9667e+03, -6.3713e+02, -1.2485e+03,  7.6695e+02],\n",
       "         [-2.3499e+02,  4.4633e+02,  1.2247e+03, -7.8098e+02,  2.8857e+02,\n",
       "           1.9509e+03,  6.7711e+02,  1.7141e+04, -1.0616e+03, -1.7770e+03,\n",
       "           2.9636e+03, -7.5624e+02,  1.0488e+03,  2.0526e+03,  1.1764e+03,\n",
       "           2.0152e+02,  2.0994e+03, -1.0490e+03, -6.7046e+02, -1.8475e+03,\n",
       "          -1.0067e+03, -1.3265e+03, -1.1306e+03,  9.5285e+02,  2.4059e+03,\n",
       "           1.4797e+01,  3.2927e+01, -1.9296e+03,  3.5134e+02],\n",
       "         [-9.8924e+02, -3.0438e+03,  1.6095e+03, -1.5200e+03,  2.4689e+03,\n",
       "          -1.8631e+02, -1.5293e+03, -1.0616e+03,  1.7459e+04,  1.0624e+03,\n",
       "          -4.0099e+02,  2.6043e+02,  3.7645e+02, -6.3106e+02, -1.6079e+03,\n",
       "          -4.4668e+02, -8.6037e+02,  1.1206e+03, -8.5785e+02,  1.4577e+03,\n",
       "          -2.0732e+03,  4.0331e+03,  1.5815e+04,  2.3980e+02, -6.8619e+02,\n",
       "          -1.5139e+03,  4.3952e+02,  4.3524e+02,  3.2218e+02],\n",
       "         [-9.5176e+02, -8.6248e+02,  5.9119e+02,  2.2799e+03,  2.4505e+03,\n",
       "          -2.3125e+03,  2.5065e+03, -1.7770e+03,  1.0624e+03,  2.1366e+04,\n",
       "          -4.2871e+02, -3.7549e+02, -2.5305e+03, -2.8570e+03, -2.0420e+03,\n",
       "          -2.6984e+02,  1.1588e+03,  2.9627e+03, -1.6906e+03, -5.1411e+02,\n",
       "           4.0071e+02, -1.0224e+03,  3.3145e+03, -1.1831e+03, -1.3833e+03,\n",
       "          -2.0284e+03, -2.3081e+02, -8.7431e+02, -7.2299e+02],\n",
       "         [-1.3709e+03, -3.3758e+02,  1.0407e+03, -7.3881e+02, -1.1303e+03,\n",
       "           1.2733e+03, -1.4964e+03,  2.9636e+03, -4.0099e+02, -4.2871e+02,\n",
       "           1.5204e+04,  1.2355e+03, -1.7605e+02,  1.3429e+03,  1.7466e+03,\n",
       "          -6.5718e+02, -1.8207e+02,  2.2578e+03, -5.6438e+02,  2.3664e+03,\n",
       "          -2.7293e+02,  1.2544e+03,  4.0780e+02,  2.6117e+03,  1.9665e+03,\n",
       "          -1.2302e+02,  9.3756e+02,  1.0513e+03, -1.2597e+03],\n",
       "         [ 2.9138e+02,  6.9399e+01, -1.7256e+03, -1.7504e+03, -1.5513e+03,\n",
       "          -2.0632e+03, -1.6344e+02, -7.5624e+02,  2.6043e+02, -3.7549e+02,\n",
       "           1.2355e+03,  1.7678e+04, -2.3893e+02, -1.6710e+03, -1.0694e+03,\n",
       "          -1.3436e+03,  5.9791e+02, -2.1050e+03,  1.4990e+03,  1.8741e+03,\n",
       "           1.9605e+03, -1.5365e+03,  3.4055e+02,  1.0546e+03,  9.4133e+01,\n",
       "          -1.1926e+03, -2.5111e+03, -5.9279e+02, -2.0614e+03],\n",
       "         [ 2.4241e+02,  1.2673e+03, -5.8289e+02, -2.3994e+03, -5.8835e+02,\n",
       "           1.8473e+03, -2.1604e+03,  1.0488e+03,  3.7645e+02, -2.5305e+03,\n",
       "          -1.7605e+02, -2.3893e+02,  1.5015e+04,  1.6840e+03,  1.4234e+03,\n",
       "          -1.3964e+03,  1.1952e+03, -4.0000e+02, -1.1206e+03, -1.9127e+03,\n",
       "           7.6206e+02,  1.7121e+03,  2.0370e+02,  1.9107e+03, -2.7515e+03,\n",
       "           1.0704e+03, -1.3023e+03, -1.2551e+03,  7.0670e+02],\n",
       "         [ 4.2537e+01,  3.9680e+02, -1.1061e+02,  1.7865e+02, -1.0205e+03,\n",
       "           1.5310e+04, -1.3301e+03,  2.0526e+03, -6.3106e+02, -2.8570e+03,\n",
       "           1.3429e+03, -1.6710e+03,  1.6840e+03,  1.7128e+04,  1.1943e+03,\n",
       "          -3.2284e+03,  2.5947e+03,  3.0410e+02, -9.6910e+02,  1.2546e+03,\n",
       "           5.2967e+03, -4.7345e+01, -1.3600e+03, -2.3264e+03, -2.5379e+03,\n",
       "           1.6996e+02,  1.4013e+02, -6.2864e+02, -2.8938e+02],\n",
       "         [ 1.5596e+03,  1.2422e+03, -1.4631e+03,  1.3506e+03, -9.3667e+02,\n",
       "           2.3449e+03, -2.6578e+03,  1.1764e+03, -1.6079e+03, -2.0420e+03,\n",
       "           1.7466e+03, -1.0694e+03,  1.4234e+03,  1.1943e+03,  2.0116e+04,\n",
       "          -1.2247e+03,  3.3996e+03, -2.6690e+03, -3.7329e+03,  1.1518e+02,\n",
       "           1.6471e+03, -1.2902e+03, -9.0462e+02,  1.8161e+03, -1.7723e+03,\n",
       "           1.8360e+03, -2.1066e+02, -6.9618e+02,  1.8985e+03],\n",
       "         [ 2.2042e+03, -2.0354e+03,  6.7578e+02,  7.3847e+02,  2.7292e+02,\n",
       "          -2.3566e+03, -3.2781e+01,  2.0152e+02, -4.4668e+02, -2.6984e+02,\n",
       "          -6.5718e+02, -1.3436e+03, -1.3964e+03, -3.2284e+03, -1.2247e+03,\n",
       "           1.7150e+04, -7.3718e+01,  1.7444e+03, -1.5856e+03,  7.7180e+02,\n",
       "           4.7527e+02, -5.2843e+02, -6.8196e+02, -7.4079e+02,  5.7279e+02,\n",
       "          -6.4991e+02, -3.4611e+03,  3.5934e+02, -2.2871e+02],\n",
       "         [ 8.2435e+02, -2.1544e+03,  3.2311e+03,  2.6707e+03, -1.1987e+03,\n",
       "           2.3006e+03,  4.3642e+03,  2.0994e+03, -8.6037e+02,  1.1588e+03,\n",
       "          -1.8207e+02,  5.9791e+02,  1.1952e+03,  2.5947e+03,  3.3996e+03,\n",
       "          -7.3718e+01,  1.6537e+04, -7.2576e+02, -6.9931e+02,  4.8780e+02,\n",
       "           3.6993e+03,  7.6486e+02, -1.3267e+03, -1.7436e+02, -2.6174e+03,\n",
       "          -8.2590e+02, -2.7114e+02, -2.1364e+03,  1.2233e+03],\n",
       "         [-6.2846e+02,  7.8515e+01, -1.0626e+03,  1.7914e+03,  5.7632e+02,\n",
       "           6.4362e+02, -2.0877e+03, -1.0490e+03,  1.1206e+03,  2.9627e+03,\n",
       "           2.2578e+03, -2.1050e+03, -4.0000e+02,  3.0410e+02, -2.6690e+03,\n",
       "           1.7444e+03, -7.2576e+02,  2.2900e+04,  3.4780e+03, -1.6384e+03,\n",
       "          -5.7022e+02,  2.3462e+03,  2.6587e+03, -3.9436e+03, -2.6426e+03,\n",
       "          -1.4723e+02,  2.3790e+03, -2.5793e+03, -1.7361e+03],\n",
       "         [ 4.9981e+01, -2.5882e+03,  5.2049e+02, -9.3960e+02, -1.3757e+03,\n",
       "          -1.4071e+03,  9.4889e+02, -6.7046e+02, -8.5785e+02, -1.6906e+03,\n",
       "          -5.6438e+02,  1.4990e+03, -1.1206e+03, -9.6910e+02, -3.7329e+03,\n",
       "          -1.5856e+03, -6.9931e+02,  3.4780e+03,  1.8128e+04, -3.8418e+02,\n",
       "           9.4789e+02, -3.3094e+02,  7.0631e+02, -1.5818e+03, -4.4347e+02,\n",
       "          -3.6250e+03,  1.6852e+03, -2.1582e+03, -1.0356e+03],\n",
       "         [ 2.8363e+02, -2.0036e+03,  2.4140e+03,  1.1193e+03, -3.3269e+03,\n",
       "           3.5399e+02, -2.0322e+03, -1.8475e+03,  1.4577e+03, -5.1411e+02,\n",
       "           2.3664e+03,  1.8741e+03, -1.9127e+03,  1.2546e+03,  1.1518e+02,\n",
       "           7.7180e+02,  4.8780e+02, -1.6384e+03, -3.8418e+02,  1.9665e+04,\n",
       "           3.0152e+03, -3.7723e+03,  8.6751e+02,  2.6284e+03,  4.9825e+02,\n",
       "          -5.8775e+02,  7.3690e+02,  8.8308e+02,  3.0033e+02],\n",
       "         [ 3.0681e+02, -1.0349e+03, -1.2994e+03,  1.5110e+03, -1.3301e+03,\n",
       "           4.3717e+03, -1.3231e+03, -1.0067e+03, -2.0732e+03,  4.0071e+02,\n",
       "          -2.7293e+02,  1.9605e+03,  7.6206e+02,  5.2967e+03,  1.6471e+03,\n",
       "           4.7527e+02,  3.6993e+03, -5.7022e+02,  9.4789e+02,  3.0152e+03,\n",
       "           2.2245e+04, -2.2733e+03, -3.3075e+03, -1.3859e+03, -7.3838e+02,\n",
       "          -6.2786e+01, -1.0046e+03,  8.6265e+02, -3.1488e+02],\n",
       "         [-2.0295e+02,  1.5113e+03, -1.3240e+03,  3.7875e+02,  2.8753e+03,\n",
       "           1.7081e+03, -2.1668e+03, -1.3265e+03,  4.0331e+03, -1.0224e+03,\n",
       "           1.2544e+03, -1.5365e+03,  1.7121e+03, -4.7345e+01, -1.2902e+03,\n",
       "          -5.2843e+02,  7.6486e+02,  2.3462e+03, -3.3094e+02, -3.7723e+03,\n",
       "          -2.2733e+03,  1.9654e+04,  3.3400e+03,  1.2114e+03, -8.2472e+01,\n",
       "           1.0761e+03, -1.6858e+03, -1.0053e+03,  1.4787e+03],\n",
       "         [-2.6295e+03, -3.1160e+03,  9.5663e+02, -1.7119e+03,  3.3404e+03,\n",
       "          -1.0783e+03, -6.2538e+02, -1.1306e+03,  1.5815e+04,  3.3145e+03,\n",
       "           4.0780e+02,  3.4055e+02,  2.0370e+02, -1.3600e+03, -9.0462e+02,\n",
       "          -6.8196e+02, -1.3267e+03,  2.6587e+03,  7.0631e+02,  8.6751e+02,\n",
       "          -3.3075e+03,  3.3400e+03,  2.0060e+04, -1.4883e+03,  2.7691e+02,\n",
       "          -2.1035e+03, -7.9128e+02, -2.5361e+02, -4.4925e+01],\n",
       "         [-5.5517e+02,  3.4759e+02, -3.4430e+02,  1.2204e+03, -1.6860e+03,\n",
       "          -8.3835e+02, -6.5034e+02,  9.5285e+02,  2.3980e+02, -1.1831e+03,\n",
       "           2.6117e+03,  1.0546e+03,  1.9107e+03, -2.3264e+03,  1.8161e+03,\n",
       "          -7.4079e+02, -1.7436e+02, -3.9436e+03, -1.5818e+03,  2.6284e+03,\n",
       "          -1.3859e+03,  1.2114e+03, -1.4883e+03,  1.6759e+04, -3.2668e+02,\n",
       "           6.3491e+01,  9.8414e+02,  8.7079e+02,  2.1435e+03],\n",
       "         [-2.0805e+03,  1.4447e+02,  2.5358e+01, -1.0085e+03, -1.9370e+03,\n",
       "          -2.0323e+03, -2.0825e+03,  2.4059e+03, -6.8619e+02, -1.3833e+03,\n",
       "           1.9665e+03,  9.4133e+01, -2.7515e+03, -2.5379e+03, -1.7723e+03,\n",
       "           5.7279e+02, -2.6174e+03, -2.6426e+03, -4.4347e+02,  4.9825e+02,\n",
       "          -7.3838e+02, -8.2472e+01,  2.7690e+02, -3.2668e+02,  1.9770e+04,\n",
       "          -4.1521e+02,  2.2505e+03,  2.5224e+03,  1.9595e+02],\n",
       "         [ 7.7382e+02, -6.9577e+02, -1.0452e+03, -6.6735e+01,  2.2522e+03,\n",
       "          -4.7488e+02, -1.9667e+03,  1.4797e+01, -1.5139e+03, -2.0284e+03,\n",
       "          -1.2302e+02, -1.1926e+03,  1.0704e+03,  1.6996e+02,  1.8360e+03,\n",
       "          -6.4991e+02, -8.2590e+02, -1.4723e+02, -3.6250e+03, -5.8775e+02,\n",
       "          -6.2786e+01,  1.0761e+03, -2.1035e+03,  6.3491e+01, -4.1521e+02,\n",
       "           1.4548e+04,  7.7522e+02, -7.8213e+00,  1.1231e+01],\n",
       "         [-2.5679e+03,  3.5558e+02, -1.8335e+03, -2.9244e+02, -1.3631e+03,\n",
       "          -2.2258e+02, -6.3713e+02,  3.2927e+01,  4.3952e+02, -2.3081e+02,\n",
       "           9.3756e+02, -2.5111e+03, -1.3023e+03,  1.4013e+02, -2.1066e+02,\n",
       "          -3.4611e+03, -2.7114e+02,  2.3790e+03,  1.6852e+03,  7.3690e+02,\n",
       "          -1.0046e+03, -1.6858e+03, -7.9128e+02,  9.8414e+02,  2.2505e+03,\n",
       "           7.7522e+02,  1.6780e+04, -1.4965e+02, -4.7275e+02],\n",
       "         [ 1.3081e+03,  1.7925e+03,  2.5613e+03,  3.1726e+02,  2.6044e+03,\n",
       "           8.3697e+01, -1.2485e+03, -1.9296e+03,  4.3524e+02, -8.7431e+02,\n",
       "           1.0513e+03, -5.9279e+02, -1.2551e+03, -6.2864e+02, -6.9618e+02,\n",
       "           3.5934e+02, -2.1364e+03, -2.5793e+03, -2.1582e+03,  8.8308e+02,\n",
       "           8.6265e+02, -1.0053e+03, -2.5361e+02,  8.7079e+02,  2.5224e+03,\n",
       "          -7.8213e+00, -1.4965e+02,  1.9665e+04,  1.3771e+03],\n",
       "         [ 1.0738e+03, -1.6343e+02,  2.1758e+03, -9.2062e+01,  3.7681e+03,\n",
       "          -3.5643e+02,  7.6695e+02,  3.5134e+02,  3.2218e+02, -7.2299e+02,\n",
       "          -1.2597e+03, -2.0614e+03,  7.0670e+02, -2.8938e+02,  1.8985e+03,\n",
       "          -2.2871e+02,  1.2233e+03, -1.7361e+03, -1.0356e+03,  3.0033e+02,\n",
       "          -3.1488e+02,  1.4787e+03, -4.4925e+01,  2.1435e+03,  1.9595e+02,\n",
       "           1.1231e+01, -4.7275e+02,  1.3771e+03,  1.3862e+04]]],\n",
       "       grad_fn=<MaskedFillBackward0>)"
      ]
     },
     "execution_count": 104,
     "metadata": {},
     "output_type": "execute_result"
    }
   ],
   "source": [
    "score.masked_fill(b_mask == 0, -1e9)"
   ]
  },
  {
   "cell_type": "code",
   "execution_count": 130,
   "metadata": {},
   "outputs": [],
   "source": [
    "mat = torch.ones(src.size(1), src.size(1)).type_as(src.data)"
   ]
  },
  {
   "cell_type": "code",
   "execution_count": 131,
   "metadata": {},
   "outputs": [
    {
     "data": {
      "text/plain": [
       "tensor([[[1, 1, 1, 1, 1, 1, 1, 1, 1, 1]],\n",
       "\n",
       "        [[1, 1, 1, 1, 1, 1, 1, 1, 1, 1]],\n",
       "\n",
       "        [[1, 1, 1, 1, 1, 1, 1, 1, 1, 1]],\n",
       "\n",
       "        [[1, 1, 1, 1, 0, 1, 1, 1, 1, 1]]])"
      ]
     },
     "execution_count": 131,
     "metadata": {},
     "output_type": "execute_result"
    }
   ],
   "source": [
    "src_mask"
   ]
  },
  {
   "cell_type": "code",
   "execution_count": 136,
   "metadata": {
    "scrolled": true
   },
   "outputs": [
    {
     "data": {
      "text/plain": [
       "tensor([[[1, 1, 1, 1, 1, 1, 1, 1, 1, 1],\n",
       "         [1, 1, 1, 1, 1, 1, 1, 1, 1, 1],\n",
       "         [1, 1, 1, 1, 1, 1, 1, 1, 1, 1],\n",
       "         [1, 1, 1, 1, 1, 1, 1, 1, 1, 1],\n",
       "         [1, 1, 1, 1, 1, 1, 1, 1, 1, 1],\n",
       "         [1, 1, 1, 1, 1, 1, 1, 1, 1, 1],\n",
       "         [1, 1, 1, 1, 1, 1, 1, 1, 1, 1],\n",
       "         [1, 1, 1, 1, 1, 1, 1, 1, 1, 1],\n",
       "         [1, 1, 1, 1, 1, 1, 1, 1, 1, 1],\n",
       "         [1, 1, 1, 1, 1, 1, 1, 1, 1, 1]],\n",
       "\n",
       "        [[1, 1, 1, 1, 1, 1, 1, 1, 1, 1],\n",
       "         [1, 1, 1, 1, 1, 1, 1, 1, 1, 1],\n",
       "         [1, 1, 1, 1, 1, 1, 1, 1, 1, 1],\n",
       "         [1, 1, 1, 1, 1, 1, 1, 1, 1, 1],\n",
       "         [1, 1, 1, 1, 1, 1, 1, 1, 1, 1],\n",
       "         [1, 1, 1, 1, 1, 1, 1, 1, 1, 1],\n",
       "         [1, 1, 1, 1, 1, 1, 1, 1, 1, 1],\n",
       "         [1, 1, 1, 1, 1, 1, 1, 1, 1, 1],\n",
       "         [1, 1, 1, 1, 1, 1, 1, 1, 1, 1],\n",
       "         [1, 1, 1, 1, 1, 1, 1, 1, 1, 1]],\n",
       "\n",
       "        [[1, 1, 1, 1, 1, 1, 1, 1, 1, 1],\n",
       "         [1, 1, 1, 1, 1, 1, 1, 1, 1, 1],\n",
       "         [1, 1, 1, 1, 1, 1, 1, 1, 1, 1],\n",
       "         [1, 1, 1, 1, 1, 1, 1, 1, 1, 1],\n",
       "         [1, 1, 1, 1, 1, 1, 1, 1, 1, 1],\n",
       "         [1, 1, 1, 1, 1, 1, 1, 1, 1, 1],\n",
       "         [1, 1, 1, 1, 1, 1, 1, 1, 1, 1],\n",
       "         [1, 1, 1, 1, 1, 1, 1, 1, 1, 1],\n",
       "         [1, 1, 1, 1, 1, 1, 1, 1, 1, 1],\n",
       "         [1, 1, 1, 1, 1, 1, 1, 1, 1, 1]],\n",
       "\n",
       "        [[1, 1, 1, 1, 0, 1, 1, 1, 1, 1],\n",
       "         [1, 1, 1, 1, 0, 1, 1, 1, 1, 1],\n",
       "         [1, 1, 1, 1, 0, 1, 1, 1, 1, 1],\n",
       "         [1, 1, 1, 1, 0, 1, 1, 1, 1, 1],\n",
       "         [0, 0, 0, 0, 0, 0, 0, 0, 0, 0],\n",
       "         [1, 1, 1, 1, 0, 1, 1, 1, 1, 1],\n",
       "         [1, 1, 1, 1, 0, 1, 1, 1, 1, 1],\n",
       "         [1, 1, 1, 1, 0, 1, 1, 1, 1, 1],\n",
       "         [1, 1, 1, 1, 0, 1, 1, 1, 1, 1],\n",
       "         [1, 1, 1, 1, 0, 1, 1, 1, 1, 1]]])"
      ]
     },
     "execution_count": 136,
     "metadata": {},
     "output_type": "execute_result"
    }
   ],
   "source": [
    "mat_ = src_mask & mat & src_mask.transpose(-2, -1)\n",
    "mat_"
   ]
  },
  {
   "cell_type": "code",
   "execution_count": 135,
   "metadata": {},
   "outputs": [
    {
     "data": {
      "text/plain": [
       "tensor([[[1, 1, 1, 1, 1, 1, 1, 1, 1, 1],\n",
       "         [1, 1, 1, 1, 1, 1, 1, 1, 1, 1],\n",
       "         [1, 1, 1, 1, 1, 1, 1, 1, 1, 1],\n",
       "         [1, 1, 1, 1, 1, 1, 1, 1, 1, 1],\n",
       "         [1, 1, 1, 1, 1, 1, 1, 1, 1, 1],\n",
       "         [1, 1, 1, 1, 1, 1, 1, 1, 1, 1],\n",
       "         [1, 1, 1, 1, 1, 1, 1, 1, 1, 1],\n",
       "         [1, 1, 1, 1, 1, 1, 1, 1, 1, 1],\n",
       "         [1, 1, 1, 1, 1, 1, 1, 1, 1, 1],\n",
       "         [1, 1, 1, 1, 1, 1, 1, 1, 1, 1]],\n",
       "\n",
       "        [[1, 1, 1, 1, 1, 1, 1, 1, 1, 1],\n",
       "         [1, 1, 1, 1, 1, 1, 1, 1, 1, 1],\n",
       "         [1, 1, 1, 1, 1, 1, 1, 1, 1, 1],\n",
       "         [1, 1, 1, 1, 1, 1, 1, 1, 1, 1],\n",
       "         [1, 1, 1, 1, 1, 1, 1, 1, 1, 1],\n",
       "         [1, 1, 1, 1, 1, 1, 1, 1, 1, 1],\n",
       "         [1, 1, 1, 1, 1, 1, 1, 1, 1, 1],\n",
       "         [1, 1, 1, 1, 1, 1, 1, 1, 1, 1],\n",
       "         [1, 1, 1, 1, 1, 1, 1, 1, 1, 1],\n",
       "         [1, 1, 1, 1, 1, 1, 1, 1, 1, 1]],\n",
       "\n",
       "        [[1, 1, 1, 1, 1, 1, 1, 1, 1, 1],\n",
       "         [1, 1, 1, 1, 1, 1, 1, 1, 1, 1],\n",
       "         [1, 1, 1, 1, 1, 1, 1, 1, 1, 1],\n",
       "         [1, 1, 1, 1, 1, 1, 1, 1, 1, 1],\n",
       "         [1, 1, 1, 1, 1, 1, 1, 1, 1, 1],\n",
       "         [1, 1, 1, 1, 1, 1, 1, 1, 1, 1],\n",
       "         [1, 1, 1, 1, 1, 1, 1, 1, 1, 1],\n",
       "         [1, 1, 1, 1, 1, 1, 1, 1, 1, 1],\n",
       "         [1, 1, 1, 1, 1, 1, 1, 1, 1, 1],\n",
       "         [1, 1, 1, 1, 1, 1, 1, 1, 1, 1]],\n",
       "\n",
       "        [[1, 1, 1, 1, 0, 1, 1, 1, 1, 1],\n",
       "         [1, 1, 1, 1, 0, 1, 1, 1, 1, 1],\n",
       "         [1, 1, 1, 1, 0, 1, 1, 1, 1, 1],\n",
       "         [1, 1, 1, 1, 0, 1, 1, 1, 1, 1],\n",
       "         [0, 0, 0, 0, 0, 0, 0, 0, 0, 0],\n",
       "         [1, 1, 1, 1, 0, 1, 1, 1, 1, 1],\n",
       "         [1, 1, 1, 1, 0, 1, 1, 1, 1, 1],\n",
       "         [1, 1, 1, 1, 0, 1, 1, 1, 1, 1],\n",
       "         [1, 1, 1, 1, 0, 1, 1, 1, 1, 1],\n",
       "         [1, 1, 1, 1, 0, 1, 1, 1, 1, 1]]])"
      ]
     },
     "execution_count": 135,
     "metadata": {},
     "output_type": "execute_result"
    }
   ],
   "source": [
    "mat_ & src_mask.transpose(-2, -1)"
   ]
  },
  {
   "cell_type": "code",
   "execution_count": 105,
   "metadata": {},
   "outputs": [
    {
     "data": {
      "text/plain": [
       "torch.Size([1, 29, 29])"
      ]
     },
     "execution_count": 105,
     "metadata": {},
     "output_type": "execute_result"
    }
   ],
   "source": [
    "score = torch.matmul(x, x.transpose(-2,-1))\n",
    "score.shape"
   ]
  },
  {
   "cell_type": "code",
   "execution_count": 69,
   "metadata": {},
   "outputs": [
    {
     "data": {
      "text/plain": [
       "tensor([[1., 1., 1., 1., 1., 1., 1., 1., 1., 1.],\n",
       "        [1., 1., 1., 1., 1., 1., 1., 1., 1., 1.],\n",
       "        [1., 1., 1., 1., 1., 1., 1., 1., 1., 1.],\n",
       "        [1., 1., 1., 1., 1., 1., 1., 1., 1., 1.],\n",
       "        [1., 1., 1., 1., 1., 1., 1., 1., 1., 1.],\n",
       "        [1., 1., 1., 1., 1., 1., 1., 1., 1., 1.],\n",
       "        [1., 1., 1., 1., 1., 1., 1., 1., 1., 1.],\n",
       "        [1., 1., 1., 1., 1., 1., 1., 1., 1., 1.],\n",
       "        [1., 1., 1., 1., 1., 1., 1., 1., 1., 1.],\n",
       "        [1., 1., 1., 1., 1., 1., 1., 1., 1., 1.]])"
      ]
     },
     "execution_count": 69,
     "metadata": {},
     "output_type": "execute_result"
    }
   ],
   "source": [
    "torch.ones(src.size(1), src.size(1))"
   ]
  },
  {
   "cell_type": "code",
   "execution_count": 64,
   "metadata": {},
   "outputs": [],
   "source": [
    "tgt_mask = (b != 1).unsqueeze(-2)"
   ]
  },
  {
   "cell_type": "code",
   "execution_count": 24,
   "metadata": {},
   "outputs": [
    {
     "data": {
      "text/plain": [
       "tensor([[[1, 0, 0, 0, 0, 0, 0, 0, 0, 0, 0, 0, 0],\n",
       "         [1, 1, 0, 0, 0, 0, 0, 0, 0, 0, 0, 0, 0],\n",
       "         [1, 1, 1, 0, 0, 0, 0, 0, 0, 0, 0, 0, 0],\n",
       "         [1, 1, 1, 1, 0, 0, 0, 0, 0, 0, 0, 0, 0],\n",
       "         [1, 1, 1, 1, 1, 0, 0, 0, 0, 0, 0, 0, 0],\n",
       "         [1, 1, 1, 1, 1, 1, 0, 0, 0, 0, 0, 0, 0],\n",
       "         [1, 1, 1, 1, 1, 1, 1, 0, 0, 0, 0, 0, 0],\n",
       "         [1, 1, 1, 1, 1, 1, 1, 1, 0, 0, 0, 0, 0],\n",
       "         [1, 1, 1, 1, 1, 1, 1, 1, 1, 0, 0, 0, 0],\n",
       "         [1, 1, 1, 1, 1, 1, 1, 1, 1, 1, 0, 0, 0],\n",
       "         [1, 1, 1, 1, 1, 1, 1, 1, 1, 1, 1, 0, 0],\n",
       "         [1, 1, 1, 1, 1, 1, 1, 1, 1, 1, 1, 1, 0],\n",
       "         [1, 1, 1, 1, 1, 1, 1, 1, 1, 1, 1, 1, 1]]], dtype=torch.uint8)"
      ]
     },
     "execution_count": 24,
     "metadata": {},
     "output_type": "execute_result"
    }
   ],
   "source": [
    "tgt_mask = tgt_mask & Variable(model.subsequent_mask(b.size(-1)))"
   ]
  },
  {
   "cell_type": "code",
   "execution_count": 66,
   "metadata": {},
   "outputs": [
    {
     "data": {
      "text/plain": [
       "torch.Size([1, 29])"
      ]
     },
     "execution_count": 66,
     "metadata": {},
     "output_type": "execute_result"
    }
   ],
   "source": [
    "tgt_mask.shape"
   ]
  },
  {
   "cell_type": "markdown",
   "metadata": {},
   "source": [
    "얘 왜쓰지,,,;;;"
   ]
  },
  {
   "cell_type": "code",
   "execution_count": 7,
   "metadata": {},
   "outputs": [],
   "source": [
    "global max_src_in_batch, max_tgt_in_batch\n",
    "def batch_size_fn(new, count, sofar):\n",
    "    \"Keep augmenting batch and calculate total number of tokens + padding.\"\n",
    "    global max_src_in_batch, max_tgt_in_batch\n",
    "    if count == 1:\n",
    "        max_src_in_batch = 0\n",
    "        max_tgt_in_batch = 0\n",
    "    max_src_in_batch = max(max_src_in_batch,  len(new.src) + 2)\n",
    "    max_tgt_in_batch = max(max_tgt_in_batch,  len(new.trg) + 2)\n",
    "    src_elements = count * max_src_in_batch\n",
    "    tgt_elements = count * max_tgt_in_batch\n",
    "    return max(src_elements, tgt_elements)"
   ]
  },
  {
   "cell_type": "code",
   "execution_count": 8,
   "metadata": {},
   "outputs": [],
   "source": [
    "def run_epoch(data_iter, model, loss_compute):\n",
    "    start = time.time()\n",
    "    total_tokens = 0\n",
    "    total_loss = 0\n",
    "    tokens = 0\n",
    "    for i, batch in enumerate(data_iter):\n",
    "        out = model.forward(batch.src, batch.trg, \n",
    "                            batch.src_mask, batch.trg_mask)\n",
    "        loss = loss_compute(out, batch.trg_y)\n",
    "        total_loss += loss\n",
    "        total_tokens += batch.ntokens\n",
    "        tokens += batch.ntokens\n",
    "        if i % 50 == 1:\n",
    "            elapsed = time.time() - start\n",
    "            print(\"Epoch Step: %d Loss: %f Tokens per Sec: %f\" %\n",
    "                    (i, loss / batch.ntokens, tokens / elapsed))\n",
    "            start = time.time()\n",
    "            tokens = 0\n",
    "    return total_loss / total_tokens"
   ]
  },
  {
   "cell_type": "markdown",
   "metadata": {},
   "source": [
    "### Loss_compute\n",
    " Label Smoothing Skip\n",
    " - nn.CrossEntropyLoss(*input, *target), where *input = p_ditst, *target = target label in each rows."
   ]
  },
  {
   "cell_type": "code",
   "execution_count": 6,
   "metadata": {},
   "outputs": [],
   "source": [
    "class LabelSmoothing(nn.Module):\n",
    "    \"Implement label smoothing.\"\n",
    "    def __init__(self, size, padding_idx, smoothing=0.0):\n",
    "        super(LabelSmoothing, self).__init__()\n",
    "        self.criterion = nn.KLDivLoss(size_average=False)\n",
    "        self.padding_idx = padding_idx\n",
    "        self.confidence = 1.0 - smoothing\n",
    "        self.smoothing = smoothing\n",
    "        self.size = size\n",
    "        self.true_dist = None\n",
    "        \n",
    "    def forward(self, x, target):\n",
    "        assert x.size(1) == self.size\n",
    "        true_dist = x.data.clone()\n",
    "        true_dist.fill_(self.smoothing / (self.size - 2))\n",
    "        true_dist.scatter_(1, target.data.unsqueeze(1), self.confidence)\n",
    "        true_dist[:, self.padding_idx] = 0 # Padding Value들 0으로 설정\n",
    "        mask = torch.nonzero(target.data == self.padding_idx)\n",
    "        if mask.dim() > 0:\n",
    "            true_dist.index_fill_(0, mask.squeeze(), 0.0)\n",
    "        self.true_dist = true_dist\n",
    "        return self.criterion(x, Variable(true_dist, requires_grad=False))"
   ]
  },
  {
   "cell_type": "code",
   "execution_count": 9,
   "metadata": {},
   "outputs": [],
   "source": [
    "class SimpleLossCompute:\n",
    "    \"A simple loss compute and train function.\"\n",
    "    def __init__(self, generator, criterion, opt=None):\n",
    "        self.generator = generator\n",
    "        self.criterion = criterion\n",
    "        self.opt = opt\n",
    "        \n",
    "    def __call__(self, x, y, norm=1):\n",
    "        x = self.generator(x)\n",
    "        loss = self.criterion(x.contiguous().view(-1, x.size(-1)), \n",
    "                              y.contiguous().view(-1)) / norm\n",
    "        loss.backward()\n",
    "        if self.opt is not None:\n",
    "            self.opt.step()\n",
    "            self.opt.zero_grad()\n",
    "        return loss.data * norm"
   ]
  },
  {
   "cell_type": "markdown",
   "metadata": {},
   "source": [
    "CE Loss Example"
   ]
  },
  {
   "cell_type": "code",
   "execution_count": 20,
   "metadata": {},
   "outputs": [],
   "source": [
    "loss = nn.CrossEntropyLoss()\n",
    "input = torch.randn(3, 5, requires_grad=True)\n",
    "target = torch.empty(3, dtype=torch.long).random_(5)\n",
    "output = loss(input, target)"
   ]
  },
  {
   "cell_type": "code",
   "execution_count": 21,
   "metadata": {},
   "outputs": [
    {
     "data": {
      "text/plain": [
       "tensor([[-0.6863,  1.8296,  2.0636,  0.9022,  0.4992],\n",
       "        [-0.9279, -0.8435, -1.1101, -0.6536, -0.1928],\n",
       "        [ 0.0459,  2.0524,  0.2739,  0.0477, -1.3499]], requires_grad=True)"
      ]
     },
     "execution_count": 21,
     "metadata": {},
     "output_type": "execute_result"
    }
   ],
   "source": [
    "input"
   ]
  },
  {
   "cell_type": "code",
   "execution_count": 22,
   "metadata": {},
   "outputs": [
    {
     "data": {
      "text/plain": [
       "tensor([3, 3, 0])"
      ]
     },
     "execution_count": 22,
     "metadata": {},
     "output_type": "execute_result"
    }
   ],
   "source": [
    "target"
   ]
  },
  {
   "cell_type": "code",
   "execution_count": 38,
   "metadata": {},
   "outputs": [
    {
     "data": {
      "text/plain": [
       "tensor(2.6500, grad_fn=<NllLossBackward>)"
      ]
     },
     "execution_count": 38,
     "metadata": {},
     "output_type": "execute_result"
    }
   ],
   "source": [
    "output"
   ]
  },
  {
   "cell_type": "code",
   "execution_count": 12,
   "metadata": {},
   "outputs": [],
   "source": [
    "size = 128\n",
    "padding_idx = 1"
   ]
  },
  {
   "cell_type": "code",
   "execution_count": 15,
   "metadata": {},
   "outputs": [],
   "source": [
    "criterion = nn.CrossEntropyLoss()"
   ]
  },
  {
   "cell_type": "code",
   "execution_count": 16,
   "metadata": {},
   "outputs": [
    {
     "data": {
      "text/plain": [
       "torch.Size([1, 50, 30000])"
      ]
     },
     "execution_count": 16,
     "metadata": {},
     "output_type": "execute_result"
    }
   ],
   "source": [
    "input_.shape"
   ]
  },
  {
   "cell_type": "code",
   "execution_count": 18,
   "metadata": {},
   "outputs": [
    {
     "data": {
      "text/plain": [
       "torch.Size([50])"
      ]
     },
     "execution_count": 18,
     "metadata": {},
     "output_type": "execute_result"
    }
   ],
   "source": [
    "b.shape"
   ]
  },
  {
   "cell_type": "code",
   "execution_count": 23,
   "metadata": {},
   "outputs": [
    {
     "data": {
      "text/plain": [
       "tensor(29.4953, grad_fn=<NllLossBackward>)"
      ]
     },
     "execution_count": 23,
     "metadata": {},
     "output_type": "execute_result"
    }
   ],
   "source": [
    "criterion(input_[0], b)"
   ]
  },
  {
   "cell_type": "code",
   "execution_count": 25,
   "metadata": {},
   "outputs": [],
   "source": [
    "true_dist = x.data.clone()"
   ]
  },
  {
   "cell_type": "code",
   "execution_count": 26,
   "metadata": {},
   "outputs": [
    {
     "data": {
      "text/plain": [
       "tensor([[[1., 1., 1.,  ..., 1., 1., 1.],\n",
       "         [1., 1., 1.,  ..., 1., 1., 1.],\n",
       "         [1., 1., 1.,  ..., 1., 1., 1.],\n",
       "         ...,\n",
       "         [1., 1., 1.,  ..., 1., 1., 1.],\n",
       "         [1., 1., 1.,  ..., 1., 1., 1.],\n",
       "         [1., 1., 1.,  ..., 1., 1., 1.]]])"
      ]
     },
     "execution_count": 26,
     "metadata": {},
     "output_type": "execute_result"
    }
   ],
   "source": [
    "true_dist.fill_(1)"
   ]
  },
  {
   "cell_type": "code",
   "execution_count": 30,
   "metadata": {
    "collapsed": true
   },
   "outputs": [
    {
     "data": {
      "text/plain": [
       "tensor([[    2],\n",
